55 86 97 92 48 31 23 22
75 83 46 79 18 93 59 81
43 3 87 26 55 60 82 6
19 93 92 37 24 69 32 47
22 66 22 53 46 18 54 40
36 88 71 21 26 52 14 76
17 15 50 65 87 37 32 65
54 21 16 13 84 11 30 40


33 33 14 93 10 60 57
56 34 7 20 71 29 24
60 80 4 80 4 100 39
77 67 66 38 83 52 25
90 49 73 59 36 99 27
58 60 30 47 90 8 44
14 39 1 41 47 49 21


74 95 32 74 71 40 79 96
79 17 64 28 57 83 24 66
28 35 6 28 22 36 70 95
64 32 93 36 50 94 17 1
75 34 68 94 39 50 31 34
25 80 51 75 57 45 75 90
66 98 65 43 17 10 49 91
85 33 17 3 70 27 71 22


14 18 15 12 97 97
36 52 48 21 24 47
100 14 100 72 76 100
17 15 74 35 55 88
30 23 29 9 94 17
33 33 5 1 73 32


12 35 22 83 87
32 24 4 46 82
72 98 83 24 22
11 97 98 21 64
8 65 41 48 42


91


73 40 84 98 21 34
16 51 16 93 98 39
9 60 97 64 8 56
17 83 20 20 72 31
99 38 59 18 3 92
45 54 98 65 38 75


59 13 22 86 67
46 49 85 32 57
72 71 80 34 25
8 63 10 5 44
58 42 72 12 40


72 18 6 74 25 1 38
36 82 47 97 48 100 38
76 37 36 87 75 27 42
13 12 90 34 7 37 64
52 89 65 93 83 72 34
90 6 100 100 77 32 43
92 70 98 18 3 51 97


41 90 80
79 51 29
66 41 5


94 96 24 60 5
97 86 32 78 21
90 4 52 10 23
57 16 13 93 29
50 42 16 39 70


79 25 43 14 34
82 93 46 50 79
13 74 88 93 86
28 51 31 59 65
62 90 74 70 61


49 83 63 20 53 54 88 21 44
70 91 34 81 46 94 80 91 60
35 45 57 79 40 3 62 54 22
64 16 44 70 100 45 27 81 99
94 24 71 61 84 58 88 94 10
34 100 5 9 85 13 42 23 49
7 74 41 76 39 43 59 83 81
13 33 50 24 91 62 54 84 82
46 85 35 36 20 15 65 9 75


94 29 47 41 22 62 30 70 13 66
78 6 82 48 78 61 25 47 22 39
59 27 15 3 24 92 54 15 9 16
23 46 82 71 97 53 5 97 44 4
88 31 14 59 6 8 36 100 67 35
54 23 40 100 59 59 72 76 42 43
45 93 63 39 16 79 57 83 86 38
42 97 90 40 39 50 7 38 100 34
68 98 3 19 17 27 76 13 62 15
48 13 89 90 28 46 91 5 62 26


78 37 8
68 66 54
8 87 35


87 73 10 40 75 65 55 57 35
20 31 53 94 64 93 44 50 3
33 90 25 2 20 68 50 23 88
56 70 24 14 12 77 86 42 48
81 30 86 10 28 25 2 41 2
18 4 23 1 41 16 48 82 59
68 50 59 17 58 1 55 37 5
55 88 20 80 78 18 55 4 93
19 44 100 34 17 4 9 20 32


71 74 22 23 59 84 53 4 69
77 64 16 92 75 44 97 25 2
21 86 1 3 3 70 57 27 90
57 40 35 3 57 18 14 15 43
83 90 51 29 51 51 12 49 70
18 91 14 38 88 82 46 43 74
57 46 37 34 51 4 9 67 74
37 81 21 61 5 74 35 2 60
73 69 27 16 63 70 84 9 83


32 87 95
64 16 22
41 10 43


70 82 25 17 68 18 27 27 36
73 95 87 64 26 11 3 67 87
97 84 47 39 1 10 10 11 72
24 69 78 16 18 44 12 58 61
90 73 73 15 15 82 37 85 79
47 65 93 6 94 77 33 3 89
76 58 38 78 13 89 39 53 84
42 100 37 52 96 6 43 67 93
88 2 37 61 39 17 8 33 42


92 67 74 65 69 2 27
18 55 18 86 9 95 33
11 36 100 93 42 34 25
60 96 69 36 23 84 7
87 69 55 73 87 13 86
94 40 75 23 56 77 95
77 1 78 26 93 67 60


75


72 36 56 73 19
88 95 41 18 46
2 99 98 97 65
97 31 58 90 54
7 91 54 31 75


86


6 60 10 68 10 17 87 9 76 66
72 37 74 71 77 37 86 70 48 77
2 16 73 56 18 74 28 13 75 47
52 47 69 60 46 15 59 97 47 80
57 60 10 92 29 98 92 62 38 43
57 46 23 32 25 42 40 37 54 54
28 71 27 55 34 17 42 53 40 52
2 58 50 75 89 45 90 56 72 99
69 1 48 76 85 47 61 55 26 24
84 36 29 89 46 58 90 62 87 14


62 56 41 20
79 57 44 48
84 21 78 92
54 28 45 51


48 62 24 61 2 59
76 19 84 46 49 64
46 37 34 5 91 80
7 33 35 34 58 96
32 29 88 73 49 31
48 21 5 22 38 62


21 72 6
6 53 44
65 49 57


45


28 51 44 50 87 30 14 46 69 72
21 77 22 10 60 46 52 35 94 93
56 58 41 40 35 83 88 96 33 66
46 26 97 81 10 92 93 49 6 80
99 45 90 75 31 20 17 79 17 82
28 74 81 37 60 46 57 23 81 19
40 11 86 72 83 81 4 75 9 70
10 48 33 85 47 16 16 79 51 82
71 49 33 7 95 59 8 73 8 88
11 98 2 82 15 66 27 23 49 5


72 76 77 31 18
42 24 45 52 42
44 97 9 87 62
24 65 71 15 23
64 99 29 19 74


86


64 10 35
70 31 93
22 45 76


58 32 45 23 54 29 6 35 21 28
69 4 34 95 39 82 2 50 95 100
44 47 97 35 83 3 44 71 99 68
34 5 100 19 11 63 79 24 12 74
88 30 46 66 32 51 55 29 20 27
77 25 68 30 87 71 70 62 32 21
65 92 84 33 65 48 85 64 10 47
29 32 94 65 92 22 71 32 13 43
95 87 50 53 46 21 46 41 46 37
72 75 43 34 4 24 91 34 6 34


34 34 84 85 62 65 47 60 58 10
97 91 9 82 19 17 77 44 99 60
76 72 34 5 83 100 66 1 93 49
97 88 4 72 8 94 89 81 55 58
56 62 81 66 54 58 45 68 95 55
86 38 31 35 50 28 88 64 77 23
67 5 73 55 84 34 89 60 74 77
46 45 78 29 89 40 37 88 45 63
92 29 20 7 85 54 14 48 19 79
79 39 40 69 13 8 100 66 6 64


95 16 41 56 49 85 45 75
7 57 60 10 69 57 51 48
11 75 7 40 14 81 15 36
81 93 22 34 30 66 5 3
65 17 88 2 32 38 13 43
44 37 34 72 77 25 4 16
65 87 45 67 89 46 42 50
10 61 38 16 75 25 55 43


43 76 58
89 46 53
27 62 95


66 7 15 55 9 80 45
91 16 46 37 75 13 41
7 2 20 22 36 78 85
56 70 1 69 91 95 35
9 97 38 24 9 14 14
44 42 62 64 60 62 80
23 54 35 59 53 17 41


46 31 63
1 68 19
37 5 28


88 37
95 96


57 27 81
59 43 2
97 4 31


45 48 32 88
19 96 12 87
15 86 18 1
99 21 38 77


83 54 78 91 100 100 73
1 95 77 52 80 51 43
84 8 85 22 34 43 24
99 48 27 15 97 5 70
12 17 41 19 31 27 17
40 24 43 7 52 72 46
52 66 59 60 11 19 84


14 45 78 14 62 84 8 81
47 35 93 79 14 55 19 38
86 100 3 28 9 12 5 18
61 77 23 86 38 74 41 92
52 2 88 97 86 44 11 91
53 46 76 65 34 88 64 36
90 24 16 80 40 64 68 32
82 46 88 39 79 77 88 36


58 43 1 52
84 32 66 39
8 95 28 92
65 43 7 49


30 76 51 13 37 60 4 97 44 26
91 32 52 9 2 47 95 97 89 84
100 34 99 78 92 66 65 11 53 12
31 43 33 77 97 95 63 87 80 22
84 50 100 100 37 37 21 50 97 75
78 55 2 86 32 75 46 96 10 46
4 86 31 87 35 52 43 52 69 79
61 59 37 87 57 67 79 96 9 18
66 73 3 13 65 39 75 66 14 30
77 5 48 78 91 13 38 49 65 69


57 1 22 19 53 9 44 89 18
48 32 89 74 1 75 26 30 15
1 58 78 95 31 1 63 21 27
9 7 69 40 54 24 14 24 94
79 30 46 87 25 58 40 19 12
33 75 94 40 40 88 34 57 46
21 17 21 24 9 26 97 29 37
28 14 32 10 92 22 4 14 76
75 43 78 70 51 80 53 55 31


26 62 28 50 9 70 6
63 23 93 81 33 88 46
71 10 14 64 32 16 3
95 7 81 52 55 100 88
95 76 17 44 100 88 33
68 9 63 8 31 59 25
47 37 76 63 21 46 90


16 74 51 6
55 70 49 71
12 18 40 43
18 61 77 3


41 96 32 59
19 83 52 5
41 61 32 99
91 85 15 94


53 87 51 19 36 40 45 24 52
22 45 100 41 57 26 52 83 62
100 18 3 33 97 26 59 1 56
36 39 49 86 3 42 90 50 5
79 48 74 29 11 66 37 64 42
74 62 83 74 64 80 84 79 88
5 95 88 64 27 8 95 1 90
90 92 86 78 88 34 15 46 95
34 29 71 36 78 79 13 83 16


7 56 76 8 83 100 16 52 68
47 6 15 93 49 89 35 72 27
72 25 53 71 15 47 41 69 5
95 45 42 49 53 57 39 88 75
52 4 29 10 32 60 33 50 90
5 46 72 14 15 61 22 25 36
61 6 3 64 83 10 83 64 66
87 28 3 10 65 72 28 57 74
27 36 5 53 87 92 33 14 47


16 17 71 88 46 88
59 38 10 52 42 9
71 47 64 71 17 64
47 97 23 46 90 39
71 14 19 62 24 31
90 99 49 61 4 68


4 31
16 4


16 87
87 26


12 38
83 13


74 11
63 13


94 75 62 5 94 52 9
66 89 75 86 62 71 78
100 95 69 16 27 4 89
15 1 30 94 6 20 52
90 48 24 90 42 31 3
66 84 86 88 20 56 91
72 36 85 72 31 20 100


32 93 48 66
69 42 72 9
15 93 8 29
11 38 96 90


14 33 68 96 16
23 88 40 55 21
28 80 29 100 81
10 24 8 8 90
63 79 57 95 52


44 84 60 16 95 50 88
53 88 32 21 79 18 62
10 35 55 91 49 77 46
79 23 54 85 63 16 34
90 79 31 19 97 66 26
40 14 74 92 1 1 15
45 14 72 44 38 99 59


49 18 86 20
29 86 52 76
36 10 26 77
71 78 78 47


77 60 16 89 34 69 76 52
71 29 2 76 16 31 85 3
57 47 16 2 57 33 91 26
55 90 83 3 96 60 5 26
28 74 70 37 100 73 24 91
20 1 91 25 34 37 65 62
15 68 23 89 62 84 19 81
10 7 76 80 19 10 5 74


76 86 46 55 18 59 48
26 69 36 84 79 92 50
19 80 24 7 38 50 29
78 29 95 25 90 36 28
88 94 98 84 72 59 23
48 67 98 80 27 62 88
4 6 72 38 4 2 3


95 74
43 20


38 100 66 13 80
91 49 6 18 91
66 18 8 40 40
51 59 62 84 73
29 39 66 44 86


28 66 25 50 57 75
71 75 61 77 4 6
58 30 16 97 35 53
34 41 65 38 20 11
19 65 75 78 92 75
100 91 45 17 91 74


17 38 11 49 25
3 86 50 69 81
35 11 50 4 88
5 48 37 86 19
6 94 64 35 51


18 32 4 22
77 96 95 59
9 3 63 6
49 5 65 13


73 32 59 74
84 18 36 19
81 50 36 51
60 98 67 100


98 47 90 39
29 79 42 11
11 12 8 67
58 67 26 38


59 28 28 45
100 5 88 75
81 43 84 31
12 92 38 3


14 91 94 44 28 17 5 61
82 59 38 73 42 18 91 68
35 66 8 96 57 58 21 33
36 63 36 5 57 24 22 8
79 52 15 7 21 52 41 67
2 78 93 58 53 64 44 31
56 24 56 78 98 61 13 43
96 16 14 57 80 61 82 30


60


3 9
75 91


58 58 4 32 29
42 58 64 59 96
91 62 20 7 83
7 36 4 10 41
54 44 35 64 88


40 7 87 95 4
67 60 92 90 45
7 7 27 26 68
44 35 51 29 20
56 66 87 100 89


58 74 76 1 51 64
21 95 82 62 60 95
1 77 14 71 63 91
76 5 24 6 92 17
70 62 57 22 87 89
42 65 2 44 90 37


80 9 21 35 56 95 54
92 74 79 72 19 38 2
58 17 94 93 53 16 27
46 41 14 47 9 91 21
21 48 33 88 78 26 88
95 29 68 97 56 35 47
65 23 85 36 82 41 35


67 5 18 32 23 94 76 66
5 92 12 46 28 48 4 96
92 12 77 47 100 52 29 82
36 43 68 92 97 88 3 85
93 37 14 97 64 47 9 85
15 47 12 15 75 26 82 90
9 17 28 35 4 98 48 80
23 43 18 32 43 7 54 20


49 94 71 91 29 51
91 98 6 13 23 37
69 3 26 27 52 23
73 1 26 59 97 99
78 39 54 72 27 18
53 93 39 82 42 79


35 18 13 61 100
40 67 29 78 74
87 19 57 60 98
27 18 84 62 25
71 50 98 24 69


83 70 78 63 61 59 55 50
14 63 10 1 79 76 1 42
58 21 29 4 37 34 97 18
3 68 11 12 52 67 62 94
71 65 53 64 79 46 34 8
18 65 2 63 4 30 84 14
21 70 3 61 36 86 80 67
70 8 70 42 98 91 45 41


7 91
78 35


29 6 35 82 4 94
62 4 93 1 62 71
26 67 22 77 71 68
91 16 23 27 82 67
74 70 85 24 66 79
60 14 18 72 90 88


97 15 5 81 30 61 41 47 26
54 49 30 35 78 31 34 59 27
72 98 88 7 8 100 77 20 75
78 94 91 62 81 12 40 100 84
5 73 85 83 67 25 10 67 83
51 73 58 40 32 87 51 61 99
12 5 52 42 96 100 84 65 20
54 22 71 39 65 100 36 42 71
45 56 20 37 75 79 75 85 43


8


96


51 2 31 6 14 12 99 12 94
6 98 43 57 100 87 60 55 31
60 85 18 63 82 87 24 26 9
14 48 93 51 28 87 47 1 66
49 72 86 42 47 32 61 90 57
69 88 82 50 56 50 63 22 76
20 60 49 35 100 81 7 46 40
57 63 56 53 80 19 95 89 35
95 36 48 13 33 94 1 16 66


85 71 82 27 76
28 57 30 63 24
58 5 4 13 27
73 17 25 23 8
40 71 10 61 27


94 11 39 86 53
68 39 70 38 31
31 47 61 12 52
95 23 87 5 63
25 21 6 87 56


25 90 24 85 16 18
29 78 92 49 59 73
14 30 87 96 22 70
68 30 69 86 88 2
33 38 4 18 17 18
7 35 66 71 73 52


75 7 48 21 99 84 14 74
87 5 3 82 81 53 80 12
5 52 84 93 60 79 49 51
34 90 72 45 82 91 100 75
95 10 3 64 1 25 75 96
67 36 75 76 89 40 68 66
41 93 60 8 48 42 32 94
17 74 27 94 14 81 15 44


42 13 63 4
72 48 48 61
11 91 61 42
15 52 75 66


61 68 34 73 47 14 98 95
92 51 78 71 26 68 6 77
26 96 36 85 61 98 54 54
35 8 90 18 86 62 69 39
53 11 91 64 26 33 31 7
9 90 74 7 51 83 72 33
26 53 43 43 55 19 83 54
78 89 51 60 89 45 92 12


18 77 86 19 84 44
92 42 18 90 6 32
35 71 12 52 41 8
16 92 81 22 21 20
28 32 15 90 74 96
8 6 40 78 98 94


38 62 74 27 76 82 22 79 80
92 49 72 92 47 72 55 44 19
22 73 69 91 21 54 92 71 3
67 35 58 47 48 66 30 16 43
84 36 35 6 97 84 1 60 89
21 79 48 24 81 51 80 21 48
40 95 37 10 97 29 43 92 33
12 59 77 80 9 89 29 81 92
41 64 11 73 43 80 32 61 79


15


56 16 93
67 93 56
72 75 64


37 71 92 100 57 8
54 39 58 57 35 87
53 16 12 19 28 78
93 4 65 11 57 49
97 62 5 69 12 24
79 47 29 13 46 70


26 96 18 87 71 72 80 10 52
83 63 50 65 92 94 17 63 52
28 30 60 11 76 95 55 68 40
23 43 62 16 84 68 78 68 65
64 73 43 76 38 45 60 47 93
78 84 93 89 46 58 57 58 11
60 6 82 95 34 15 40 3 26
33 81 15 63 76 59 23 92 4
59 29 53 72 24 84 72 28 84


34 46 17 2 43 37
55 66 6 41 82 47
73 45 85 82 93 80
63 38 17 91 75 65
87 8 82 69 6 40
47 63 30 54 84 66


78


68 19 62 65 58 97 28
19 47 14 52 56 50 14
65 18 89 84 67 30 46
19 77 24 72 43 33 14
56 27 45 22 66 90 19
75 23 82 76 49 39 41
70 92 85 15 94 40 73


40 44 3 74 87 9 45
22 64 95 39 9 62 33
56 56 60 84 52 28 43
28 20 87 87 87 42 44
49 39 43 95 27 61 16
59 24 23 13 7 52 39
12 22 100 54 53 100 61


18 82 6 43 23 79 31
51 67 41 57 75 81 57
34 29 30 33 69 43 78
51 93 61 49 5 88 59
77 2 33 82 36 93 1
45 47 62 17 14 61 46
97 76 84 82 67 100 32


39 95 11 9 60 99
80 14 55 25 86 89
40 96 6 57 97 86
6 85 2 44 73 39
15 36 34 72 44 15
15 48 5 64 52 36


84 59 78 36 18 63
62 56 60 44 90 80
93 74 11 29 22 2
65 79 90 50 2 33
6 34 30 99 73 62
16 69 86 14 46 46


66 34 90 28 93 32 89
72 13 25 2 67 31 61
94 87 90 45 24 56 20
93 30 28 47 21 82 58
96 24 15 22 44 39 9
69 26 67 92 66 92 51
32 66 79 72 23 15 100


60


90 36 3 39 40 12 57
28 9 55 72 36 67 21
12 7 68 90 62 27 44
46 20 69 42 66 83 65
30 68 75 29 5 25 41
61 26 73 54 68 71 58
32 37 53 48 88 73 97


68 78 47 83 39 100
92 32 5 26 79 17
51 73 61 33 81 85
37 55 32 50 48 62
20 3 16 22 49 50
88 65 23 17 16 2


95 90 2 57 82 54 89 47 99
26 64 8 83 58 50 99 85 65
80 14 72 68 46 96 37 13 35
55 93 6 56 24 23 41 72 96
25 77 27 64 1 42 67 87 97
52 33 41 1 78 51 9 53 96
43 56 94 24 87 62 71 79 73
64 8 8 12 61 70 1 97 47
15 80 73 60 31 50 76 44 54


51 16 49 35 74 68 59 25
90 85 70 51 20 80 44 25
22 64 57 87 94 13 74 73
15 61 80 28 20 8 34 53
34 5 62 42 60 48 1 74
46 90 100 72 10 78 100 5
74 20 46 41 50 45 3 32
60 26 8 14 23 40 45 100


6 95 60 26 56 92
78 30 92 19 28 61
16 90 95 32 15 55
46 18 73 16 87 82
18 96 25 70 73 97
15 56 90 42 50 15


