1 89 100 53 3 8 8 14
41 18 42 3 94 11 14 81
19 63 54 37 81 27 53 44
97 8 60 72 92 2 49 87
36 36 16 82 1 5 46 53
11 93 91 76 88 55 64 29
30 50 54 47 18 81 4 45
12 71 46 83 33 60 58 47


24 98 33 51 20 40 46
63 73 93 56 34 41 91
36 5 36 5 8 10 36
62 5 92 32 34 32 83
45 41 8 10 25 18 79
39 35 18 86 81 64 47
46 17 28 98 48 36 6


77 95 34 68 8 51 49 3
97 83 17 44 40 75 13 60
71 64 44 68 53 37 80 87
53 16 55 71 93 46 41 34
3 45 53 50 68 52 80 34
10 23 35 79 28 66 44 36
66 91 46 39 15 68 88 93
7 27 29 55 17 54 31 81


34 56 79 97 43 45
49 37 54 67 2 6
26 35 12 3 79 11
97 32 48 31 76 22
17 4 48 16 11 99
62 43 24 82 80 76


88 86 26 39 93
6 99 30 90 30
39 21 10 81 33
82 31 90 66 83
78 93 90 91 3


69


83 12 76 69 87 35
93 94 67 28 68 23
41 77 80 36 52 95
14 3 21 85 32 55
79 76 69 88 28 17
94 9 15 28 60 25


80 9 94 58 49
88 49 66 99 75
3 16 76 5 2
57 43 17 98 57
78 98 65 27 26


92 65 68 74 40 74 59
55 46 21 54 9 93 36
28 7 70 24 42 88 22
88 100 36 95 4 54 83
16 47 68 3 32 10 68
92 18 12 45 60 80 56
3 80 92 1 58 95 99


43 87 60
53 56 19
31 69 12


34 49 28 16 53
79 77 21 56 21
17 19 52 8 41
92 48 9 73 43
95 75 95 58 45


66 30 52 36 61
45 80 35 28 24
37 14 32 75 48
1 90 18 82 72
51 33 54 86 14


11 84 52 56 10 34 53 12 98
67 38 9 39 69 31 78 7 33
75 50 27 7 32 82 9 95 38
83 55 29 68 20 41 92 77 70
42 92 79 6 71 96 48 49 57
84 59 21 75 78 83 57 59 68
66 26 13 99 52 84 3 82 100
56 27 78 2 21 3 83 40 46
8 100 48 25 32 84 33 60 34


90 47 79 52 13 21 71 16 5 29
40 85 14 74 2 38 5 30 31 41
96 35 71 9 4 78 69 52 30 31
21 4 68 82 73 43 85 24 3 19
98 13 89 61 39 3 92 74 20 27
63 94 15 14 16 71 19 42 74 62
80 38 10 67 41 31 45 14 7 80
3 96 20 4 53 77 59 27 86 20
1 99 38 73 2 97 92 89 95 5
37 53 99 70 42 71 54 89 77 13


93 88 28
23 95 12
18 66 94


91 63 60 1 85 57 19 65 62
71 74 43 3 3 16 27 15 36
31 20 19 56 67 72 55 63 67
39 14 43 34 63 24 58 52 86
62 93 93 2 52 48 72 22 65
21 43 22 72 36 27 16 1 29
80 20 22 30 59 66 77 69 99
78 62 83 1 43 55 91 51 56
82 83 21 45 3 2 45 19 57


15 55 35 17 40 82 99 83 72
18 58 11 46 11 15 29 5 8
59 20 96 83 25 42 66 100 79
28 76 93 6 19 18 10 67 29
59 5 75 100 68 52 80 6 77
82 87 49 62 68 21 12 70 25
62 74 23 69 30 7 10 42 40
28 1 16 56 76 30 78 41 34
36 76 94 33 44 23 66 63 54


31 100 56
10 61 82
70 83 59


52 57 43 53 65 83 14 20 28
43 12 62 96 86 47 66 90 15
42 76 19 75 30 84 54 35 48
23 83 3 53 42 17 11 78 28
64 14 82 11 9 16 56 60 36
29 92 3 93 58 36 27 42 61
22 2 74 37 79 61 49 21 99
46 88 8 97 85 16 80 33 25
82 67 36 39 79 15 3 20 1


72 26 93 32 14 92 75
93 37 30 86 21 43 4
89 77 39 48 84 95 57
72 43 75 34 78 93 62
87 95 98 50 3 95 67
17 35 43 25 36 65 84
25 3 82 39 17 68 46


64


37 29 47 99 55
97 47 10 38 25
98 98 8 43 58
58 53 24 8 26
44 91 19 30 34


67


2 71 86 65 17 8 50 68 75 79
24 40 28 20 48 76 27 49 28 77
8 50 3 48 43 59 89 57 95 30
5 85 43 5 38 8 39 32 26 83
32 70 15 21 16 82 94 72 10 25
2 56 36 88 30 35 52 14 66 63
92 39 80 64 12 46 6 75 90 63
95 37 39 65 84 14 74 82 80 3
94 77 72 66 32 100 31 51 73 13
7 25 41 10 84 92 3 94 25 12


24 94 87 13
74 65 30 100
20 51 93 67
13 95 23 84


5 76 65 53 50 16
9 78 24 16 50 22
93 53 47 35 46 6
93 68 63 74 73 58
9 42 66 74 56 13
89 39 41 72 49 48


97 69 45
8 32 18
57 36 91


46


82 13 71 100 26 28 38 70 29 61
62 41 11 66 32 74 17 28 64 26
29 58 23 14 39 72 9 21 12 75
25 4 76 72 54 78 62 48 26 87
95 62 51 74 76 83 13 20 39 73
60 9 56 84 20 96 59 42 50 91
47 76 87 23 16 51 75 71 79 24
63 72 63 1 55 93 26 81 12 4
41 74 4 36 22 63 42 55 2 93
89 63 7 14 76 44 26 20 30 31


30 67 27 48 9
10 17 62 50 42
70 6 36 54 5
44 10 38 6 43
32 40 81 12 55


69


95 12 87
19 25 54
8 94 33


31 89 57 94 54 98 34 48 79 30
33 5 56 33 59 82 34 2 81 10
93 32 45 7 18 39 1 57 59 14
86 24 1 76 18 97 15 18 78 26
95 25 33 71 81 95 17 78 52 40
36 5 35 20 90 76 87 88 40 75
8 97 75 64 78 79 78 70 57 62
34 63 28 61 23 81 76 62 14 10
22 94 68 86 54 33 30 11 76 14
1 58 1 40 31 30 9 81 79 36


40 47 39 19 27 16 89 12 44 55
12 37 88 99 30 18 85 26 53 43
43 44 7 96 82 86 79 89 49 19
41 78 90 15 6 80 87 43 51 43
5 36 39 42 86 58 88 18 89 72
10 12 76 30 53 36 17 98 19 53
25 100 31 44 36 24 78 53 18 75
37 59 57 74 69 42 19 52 37 28
29 93 59 40 67 32 63 37 24 62
23 36 62 10 47 70 19 2 7 25


72 51 11 23 72 32 28 95
83 71 7 52 100 1 97 17
33 96 40 10 96 31 56 78
43 21 12 35 22 91 47 34
98 46 17 72 52 99 54 68
83 20 13 71 36 17 70 69
100 91 32 82 89 4 70 78
92 55 64 47 28 16 69 17


3 43 100
53 25 23
41 21 13


27 55 9 86 58 4 20
59 48 53 96 94 52 61
3 78 93 27 38 34 34
56 48 6 51 47 15 70
52 100 46 68 20 11 14
4 40 49 75 34 41 94
11 12 30 48 62 7 100


68 99 73
11 11 64
92 33 13


76 65
2 46


93 45 68
31 32 52
92 15 16


56 17 12 62
99 23 93 70
52 47 37 23
32 5 45 39


10 17 86 58 34 85 35
68 28 50 75 32 19 40
6 61 82 61 25 15 52
74 26 24 72 66 24 97
61 84 30 46 5 100 54
87 72 84 19 19 32 1
81 15 54 40 16 97 56


98 21 27 9 35 98 27 2
10 93 86 44 15 71 48 54
45 47 17 61 4 97 83 2
54 67 14 29 49 25 36 90
26 17 78 75 3 82 25 56
11 62 63 22 84 49 86 60
65 34 26 25 92 28 100 31
77 19 79 67 72 79 18 76


79 19 8 32
97 38 26 31
68 78 48 34
61 2 83 40


45 93 71 74 46 67 29 61 85 8
92 14 71 99 73 86 48 17 21 14
63 95 57 68 68 47 4 1 10 45
37 29 78 35 41 73 66 56 64 39
46 51 50 65 38 100 46 59 44 40
54 93 13 95 93 49 91 19 42 41
58 71 59 14 26 77 53 61 16 45
90 76 4 15 56 85 32 54 51 22
2 37 7 85 17 40 51 8 48 33
85 37 33 25 66 96 49 16 34 28


60 99 52 94 2 72 12 89 86
22 46 28 42 91 84 100 84 6
91 92 47 41 94 13 11 27 29
87 45 83 57 6 58 14 26 29
47 38 25 60 51 87 17 59 41
23 75 72 6 96 36 78 92 40
22 83 5 95 73 66 46 57 21
58 63 42 51 28 84 73 17 57
16 87 100 2 56 44 34 80 5


49 79 79 45 18 62 45
83 23 25 1 1 28 32
64 39 24 52 81 88 26
12 6 19 81 24 43 59
87 50 92 81 1 42 20
82 11 18 28 90 1 33
24 36 57 53 35 18 91


77 81 80 61
27 100 15 23
36 39 3 41
82 45 59 85


76 42 44 52
71 19 49 71
60 43 3 50
7 69 61 69


2 59 29 45 77 87 44 11 78
94 65 12 54 67 76 53 11 74
80 87 52 37 61 58 77 14 81
10 67 22 2 8 23 58 57 19
9 81 60 52 45 86 66 14 9
10 91 75 19 6 46 37 37 77
50 93 55 10 38 98 9 54 99
83 78 46 14 36 78 11 3 63
33 56 5 92 88 22 91 44 19


17 96 74 74 65 88 50 67 11
54 74 11 20 71 48 67 55 81
3 48 93 83 85 59 34 32 14
35 18 87 25 59 46 17 6 34
64 65 8 73 49 70 35 51 48
9 30 29 50 74 7 41 28 79
72 13 34 34 58 1 78 21 12
34 99 95 9 95 68 12 70 19
17 43 27 99 77 71 8 17 82


64 27 58 16 13 41
80 67 47 84 33 19
23 33 47 23 17 51
95 16 41 46 59 79
39 49 47 89 74 88
81 98 52 22 95 71


27 48
34 4


75 1
16 24


96 35
8 68


37 41
60 4


83 4 18 70 39 60 98
24 100 25 2 39 95 10
5 9 44 81 17 98 89
23 17 80 72 39 51 30
96 10 43 86 33 64 36
43 61 46 18 7 6 26
67 76 21 76 63 66 46


84 61 58 27
88 79 63 88
85 54 21 87
88 52 48 76


31 73 87 25 6
17 10 25 41 35
75 79 86 40 67
97 4 98 22 38
7 93 88 37 44


4 17 20 49 19 95 85
41 37 59 46 75 46 41
58 100 67 55 58 73 70
24 13 18 33 42 76 19
60 35 22 17 3 83 13
67 8 78 62 87 57 45
59 15 77 77 30 93 40


45 30 27 83
79 58 5 24
91 26 53 100
4 26 5 13


3 41 15 50 42 78 47 33
41 70 60 93 82 62 58 56
75 49 65 16 5 31 31 57
1 22 49 10 94 59 59 73
62 59 29 47 8 26 40 37
14 36 97 4 93 6 68 71
100 80 93 57 50 10 34 8
72 29 38 80 81 21 38 39


16 81 91 37 38 91 83
42 49 23 12 64 19 99
73 55 65 50 5 20 43
57 99 19 33 55 75 3
4 45 1 20 16 48 34
62 75 17 53 6 10 47
86 16 95 98 58 70 4


27 88
83 47


25 20 48 78 17
15 11 5 46 62
49 33 12 83 31
62 58 41 83 11
21 78 66 64 35


73 70 30 40 57 13
44 97 79 5 38 92
4 80 39 87 41 22
63 33 45 93 37 50
47 40 77 11 51 57
55 94 76 97 21 35


15 42 39 76 41
45 68 72 19 56
45 73 88 15 98
81 73 88 57 3
29 78 18 90 35


42 84 93 91
13 7 66 92
100 45 92 97
2 45 26 45


33 20 79 33
91 68 52 39
81 20 65 17
76 81 12 45


4 24 36 57
23 70 88 41
69 47 58 46
32 96 91 27


16 37 78 89
17 44 56 46
5 3 100 81
97 91 35 20


31 83 9 9 82 39 70 50
28 1 77 49 66 47 92 5
8 14 44 26 89 80 76 62
49 81 28 41 7 99 86 2
36 83 84 65 70 75 48 45
70 45 96 36 75 53 10 74
18 15 66 1 43 54 1 61
7 12 56 31 61 65 11 62


57


6 16
95 9


46 86 47 47 7
14 65 21 62 23
44 8 43 5 69
68 43 84 56 62
37 84 8 21 90


18 60 29 70 40
5 40 11 72 84
4 71 100 86 78
42 50 5 21 60
5 89 36 93 76


100 86 9 1 75 32
47 50 39 46 91 8
22 55 97 98 32 69
74 81 23 65 2 72
72 91 22 100 42 97
97 16 39 49 25 68


51 31 14 100 11 1 59
31 4 10 92 94 93 57
24 6 65 46 53 94 53
88 58 34 80 48 31 78
12 50 39 88 18 65 84
4 61 6 88 21 90 91
48 65 3 32 27 21 57


67 97 42 41 92 47 81 50
55 92 56 10 4 63 56 41
98 45 76 21 27 85 67 75
34 65 67 18 24 88 50 39
50 4 71 10 10 29 45 55
18 61 53 71 9 70 3 9
40 46 94 44 40 78 44 69
47 97 50 85 11 44 65 74


25 30 91 82 13 50
84 81 67 86 12 23
5 85 93 43 77 84
25 23 26 30 11 82
23 14 23 27 79 41
36 93 16 90 100 71


40 46 21 60 29
44 39 36 28 16
98 12 10 86 12
80 14 75 10 70
79 39 18 66 29


28 67 55 47 65 73 71 36
54 84 34 82 32 68 78 74
14 3 9 60 53 50 64 75
14 34 80 23 26 59 88 72
23 13 39 29 66 6 6 76
38 83 46 6 24 20 59 20
71 94 39 52 24 64 77 43
9 33 40 8 55 6 66 6


14 72
57 5


38 91 58 55 13 19
12 65 94 15 1 10
24 41 23 80 97 50
99 1 28 97 31 34
97 85 10 63 62 9
74 72 99 43 69 2


34 91 94 42 19 91 73 30 93
51 56 5 55 29 38 70 92 1
31 94 18 97 6 5 57 93 89
32 34 99 83 24 67 6 87 29
32 88 23 91 24 76 29 53 85
11 71 38 26 47 15 94 11 6
25 92 34 88 39 35 34 33 98
3 57 60 37 96 58 46 94 51
98 28 66 21 6 68 6 17 63


34


73


97 98 10 66 40 87 60 54 35
67 29 95 54 57 68 20 15 70
98 21 32 94 47 61 17 94 7
7 77 49 61 5 8 18 47 19
59 65 33 42 80 58 47 66 6
77 22 45 31 57 63 22 94 27
82 95 54 62 73 5 75 42 34
53 97 29 98 5 9 61 69 73
43 12 18 43 34 98 81 17 3


30 68 92 17 71
56 83 51 61 96
7 64 58 33 8
95 75 8 33 81
31 27 77 100 54


26 90 90 29 67
94 32 28 53 74
50 49 42 57 59
98 12 24 22 95
46 14 79 63 48


91 56 57 98 35 93
93 83 6 32 63 34
5 51 19 66 36 82
11 33 11 28 28 39
80 57 42 15 86 62
96 86 15 32 1 97


46 16 78 66 60 34 65 16
91 34 100 47 63 30 80 42
24 34 17 17 48 75 78 87
37 6 53 76 76 10 93 75
97 59 48 7 97 16 47 40
42 23 55 24 34 15 24 19
48 42 54 98 61 23 75 57
47 24 76 37 79 64 29 29


11 27 8 97
89 78 2 61
20 56 74 27
94 21 62 93


11 31 3 66 89 89 18 92
42 40 9 94 61 61 32 66
19 10 55 88 12 44 82 63
42 42 65 68 45 59 76 80
16 4 43 80 79 39 82 53
20 7 89 71 54 41 11 16
63 35 57 4 40 2 54 69
85 76 26 11 19 53 68 68


17 71 98 27 56 65
33 85 61 97 78 62
13 8 80 78 38 49
90 88 1 61 84 29
51 46 34 18 16 28
23 38 44 42 84 33


71 87 79 5 75 35 78 54 77
82 27 84 59 18 33 72 33 42
85 36 34 38 38 93 94 94 11
67 66 77 6 41 10 98 37 32
54 8 32 66 94 92 39 53 55
79 88 13 10 87 27 61 88 44
91 18 44 13 55 49 59 91 1
34 53 83 3 10 85 78 82 50
22 43 86 92 80 17 68 29 38


37


70 95 13
84 12 31
90 90 96


55 38 65 21 84 50
4 8 22 19 88 56
79 1 100 82 8 45
60 14 47 71 25 53
18 41 77 10 74 8
73 96 50 66 56 58


23 48 75 8 38 35 21 85 8
69 42 48 75 71 79 68 74 85
51 55 44 62 16 88 12 49 86
76 79 51 94 2 15 54 44 30
68 93 91 74 84 56 50 64 65
22 66 2 62 16 22 26 99 11
20 98 7 60 49 24 93 42 22
96 25 83 30 71 3 46 63 84
38 14 37 20 97 45 93 62 32


66 17 32 26 26 27
2 33 86 33 61 5
41 33 66 36 30 75
1 68 66 47 1 21
2 100 80 86 24 78
61 16 3 71 31 26


66


52 53 80 51 44 55 38
44 44 88 78 29 81 39
33 41 67 48 90 79 17
75 78 59 96 100 42 12
82 60 4 97 32 35 46
7 43 3 90 74 29 70
85 25 20 84 67 65 78


6 35 27 48 59 64 64
20 51 62 21 39 29 11
73 60 23 46 44 53 26
65 80 59 22 27 83 44
64 90 46 94 37 62 35
10 75 81 53 43 88 42
94 71 15 92 75 33 92


68 48 63 69 50 39 17
69 88 45 56 25 10 37
61 6 21 39 21 48 9
12 94 9 53 1 81 40
47 60 45 32 99 35 87
7 68 75 40 32 55 79
16 99 67 83 90 9 50


52 30 97 51 42 26
49 38 34 77 88 84
94 29 86 25 13 88
21 83 16 29 56 19
59 96 83 16 67 78
44 96 21 41 63 37


27 67 85 27 44 69
42 47 76 22 15 10
71 9 3 20 26 27
82 78 36 11 66 38
30 3 89 24 75 45
26 63 42 71 60 31


14 21 79 84 33 81 91
63 12 35 87 26 73 13
57 20 22 12 75 92 9
51 11 2 36 29 87 56
40 52 62 63 94 97 91
20 10 26 82 62 4 47
99 77 23 83 42 63 74


82


77 85 61 57 78 76 1
14 19 38 36 63 51 68
2 54 21 51 55 71 49
39 16 14 49 86 1 7
66 9 64 48 4 64 56
51 4 78 62 77 72 65
92 24 13 86 91 45 95


34 79 19 7 79 28
84 32 86 98 61 12
61 54 82 24 52 87
95 8 68 85 14 92
44 64 20 4 50 100
82 70 94 41 24 72


42 37 59 85 17 26 84 89 30
71 97 89 16 59 3 94 25 83
66 56 68 40 10 21 10 56 28
75 86 37 75 59 56 6 52 49
58 18 9 72 9 54 69 20 49
96 28 41 13 64 73 11 32 69
29 19 25 36 38 6 72 94 68
97 54 33 34 50 94 59 72 61
8 79 94 50 74 1 94 14 56


29 68 3 11 41 6 78 14
79 58 15 77 74 77 83 76
52 72 66 100 12 69 96 2
31 42 95 21 36 64 37 9
90 65 54 11 69 49 81 88
26 61 80 36 66 67 90 86
81 65 94 100 31 19 25 66
91 44 4 5 11 27 56 7


14 34 50 45 86 87
6 45 69 44 100 35
6 9 24 7 71 21
21 24 87 27 36 15
18 97 33 42 27 91
31 57 46 33 14 97


