17371 20613 25713 22585 28486 9317 16853 25520
16428 29697 33873 29654 30958 17757 19785 26783
9513 21656 21728 20801 16859 13355 13317 15562
12316 21675 23547 19971 27878 13060 16517 21988
12241 13826 16470 16992 16850 9596 10667 18503
9870 21297 21790 19361 23425 11899 15300 19671
13166 18241 18407 24321 17555 10743 16449 19487
7005 14683 13731 16907 7540 6976 9219 12293


14553 9657 15974 17423 12902 11861 16696
10408 12439 8864 10991 8288 8342 14698
17458 16467 19848 22582 16744 16156 22074
17714 18605 16944 16977 13125 13425 24320
18256 18457 18409 21107 16271 16183 23783
15552 15167 14994 13872 10048 10300 20859
10363 8428 9743 10957 9160 8219 13774


27606 32043 21190 31713 21735 32375 27823 30199
16807 21900 16275 26433 14990 22598 22730 20281
13172 17150 11752 17739 9715 18973 15904 19907
18762 21250 15543 25284 16373 20775 22131 18173
21784 22447 17519 26873 19401 22487 22513 20140
23482 26334 19235 28293 20869 28506 25350 29685
25504 27163 15279 24829 15610 24889 20404 26061
16432 22776 12923 18213 10135 19015 19795 15553


10575 6918 9818 12487 11562 18142
10379 8409 9516 12009 11064 8870
21162 16526 19360 22586 26536 22392
13023 9221 9473 12057 16912 14572
6426 4941 9312 7715 6705 12603
6191 4944 8769 9250 5319 11419


15716 15623 16882 18795 10042
13284 14264 13112 14230 7892
13845 20427 9782 21937 14433
12086 19210 11826 24307 9102
9905 13378 10668 16473 8157


6279


19450 13300 18965 20311 19203 18052
19437 14296 15213 20729 13752 11009
17096 14521 15200 13505 15539 15966
18832 15357 14306 13121 12679 7503
23307 10413 16755 14389 20445 13285
23737 16920 19990 19114 20327 18223


16058 11784 13893 15056 10554
14517 11137 18267 12619 9405
16136 9319 19737 15612 11601
9931 7846 8615 8429 6566
12356 8168 16500 10138 7860


14900 17183 13566 13632 6654 15466 16688
27756 23237 18912 22117 14280 31754 26787
21501 22965 20885 18233 11689 23831 24599
11076 11542 15468 8750 10700 20944 14885
27737 25146 22939 22572 14931 32687 28463
24515 24461 26422 20598 15132 28833 27311
21673 20505 24974 17051 17280 36239 24261


9013 14127 5130
6999 11730 6057
5166 8383 4799


17183 15709 6911 11742 10787
19807 17302 8883 13536 12558
7365 7911 7583 4144 8451
14734 10911 6200 10383 9194
15528 13110 10115 10187 9015


9678 7354 8447 10841 8967
15378 17651 14157 19900 14148
11923 18750 12400 24162 14693
8664 12809 8805 15189 9578
14061 18409 13296 21288 15388


26583 26837 15791 22004 23033 30946 20559 25173 29290
36824 35808 24352 30143 28276 35561 35905 32544 40065
23456 20972 15352 16747 14995 21805 20631 22934 24527
25976 36678 26956 18561 21435 33312 28912 29399 31924
32582 32689 25600 24849 23446 33655 28839 31852 39168
17310 22601 14744 13365 18864 21987 18948 14512 20105
28858 27630 19454 20224 21534 28332 27566 27815 27625
26050 30068 22700 16757 22980 32107 23663 27810 27398
19308 22982 12188 18157 16724 23497 17927 19299 22787


26120 27451 25573 20888 14049 25240 26989 19375 20477 15312
31233 23693 29076 20985 14074 24188 31669 22226 18564 15407
21007 19796 12590 13654 7207 15006 14577 11632 12634 14565
27001 28458 26597 22034 16135 27910 33699 24081 22941 14961
17377 27783 21417 22465 14311 25041 28662 17544 20622 11706
28840 29075 28457 28699 20323 29005 35668 23503 22370 18949
27483 40677 23851 28158 14262 35925 31721 26299 29914 20286
26144 34352 26003 26832 10270 32232 31208 27258 25952 15160
20830 25535 15028 24508 8133 18607 19918 15300 14558 15422
29235 22978 25535 26454 14616 26730 32212 21191 16506 18030


8249 10907 3380
8814 15818 7772
3375 11279 4558


32701 28952 25350 10338 22845 19997 23931 18542 29524
22917 20110 20761 14606 22697 18951 23753 17136 28175
25924 23781 14624 12190 12567 12706 16979 11977 21659
27809 22119 16624 12436 17880 17113 19786 16259 25419
18340 15610 14857 7374 17610 15939 14050 14561 17877
20626 17346 14998 6763 12389 12966 18794 12264 18723
23543 18648 17884 6200 18857 17818 18892 16825 23032
32545 28592 22049 11450 19719 16169 23849 17815 31360
15321 12758 10593 8959 13104 12485 14262 12590 17442


20590 27158 23860 23841 19295 15180 21981 22975 20734
20646 26817 24091 24520 18922 15901 21035 23230 21701
15453 23581 15914 17469 14554 8013 14365 16563 12405
11399 12553 15835 15773 12204 11677 18067 14146 15507
18513 23958 25452 24102 20236 17707 27737 25181 22694
22434 26081 25829 27790 22257 13725 22447 20520 20356
13253 16087 21471 18523 16715 14041 24087 19312 19042
15709 25404 20353 16059 13269 9728 13762 20205 13683
22283 28711 25427 26431 20558 15956 24070 24580 23154


8512 16392 14531
3684 9202 6194
4381 8279 5653


18269 15735 17760 21802 21994 16408 15814 17995 11796
25272 30332 16929 34218 31890 22292 20215 24083 13103
18511 20092 13921 23983 24579 18852 11781 16680 9307
18221 22967 11996 27333 23917 16506 16885 16982 11930
25770 33400 17566 38534 36228 25282 22089 21601 18948
25694 25718 21445 29202 26892 22542 19503 21959 18435
23433 33130 15487 34860 33845 21451 17336 22920 18173
27206 24831 23821 30688 32275 19020 23042 26177 15755
15746 20759 10411 18009 17656 14425 9834 13144 10078


30833 20070 27389 19021 14719 32941 21449
17428 11866 18149 13206 13635 23003 18029
24593 18572 20606 15335 18339 28609 19255
25585 17119 20291 18235 14672 27672 19968
32772 21167 33918 21869 15172 37943 25339
27375 18988 31181 19260 14805 36417 27501
25181 20523 29098 15843 13390 34225 26456


4800


16714 14866 6305 12058 10652
19557 16175 6720 15609 11625
27767 25371 5431 10900 13001
19876 19638 8519 15615 13650
19476 18240 3840 8971 9148


5762


18691 21986 21401 15945 16442 24957 11028 24395 21818 19647
24130 35354 29213 28192 26138 32751 30531 41137 37293 28082
13166 23119 16255 19181 16353 23347 18349 20614 24263 16682
23207 29691 24972 24201 26653 28968 26683 37510 33282 22451
21445 32168 28808 27934 22319 25006 23217 31754 33144 30950
15095 22296 20267 19179 16894 21811 16735 24717 23454 18643
16396 22164 18403 16314 18793 22494 17515 25792 21785 18924
26170 33688 26753 25036 26996 38079 26960 39586 32645 25371
17189 29397 22222 22545 17143 21067 26461 29354 28079 22996
25743 35740 31380 29759 20509 26629 26431 33688 36426 29624


6712 13459 11347 10833
7618 17935 13779 13707
6326 21979 17308 16146
4931 14036 10896 10801


13972 16289 12130 13286 14060 8672
18778 19392 18100 18910 17852 8515
12129 15466 15077 17084 15095 7067
15815 13453 12798 15844 14044 8382
18594 17589 16016 16500 16690 8037
8800 11061 10295 11959 10452 6006


2955 3969 2787
3514 3694 5228
9946 8105 8994


2070


30842 24889 18374 23200 23732 34234 15344 19667 14753 28934
32624 28167 16996 22431 21781 33967 17595 21257 18207 27382
36093 28761 29328 26676 23821 41204 23513 29670 22533 29198
31516 25142 29363 25498 23180 39374 24224 26439 21605 32372
33309 24158 25093 25734 25553 35818 17745 25321 15775 29414
27758 25557 19978 24302 19136 35359 17608 21386 17633 31074
32513 22902 24779 25531 26269 39233 17251 21686 15389 32273
27421 23254 18897 19003 23520 33259 15846 20409 13375 24600
35692 23295 20963 25063 24486 33658 14100 20430 16592 24949
19643 13778 16627 22632 13543 28504 16086 17139 15289 23056


10250 7608 12064 11816 6548
8282 5692 9620 6462 6157
8732 8001 15854 8714 11666
7736 4209 9667 8602 5211
8144 9295 15626 10590 9766


5934


6550 4308 7263
7983 10357 10833
3553 8533 6852


16919 15194 12829 18430 16503 24470 10901 17680 20231 9647
24166 28988 18049 33833 26359 37911 19444 29611 36433 18320
27951 32176 24472 33360 27037 37991 17798 29182 36570 14875
17252 21892 16792 18058 20490 26119 16391 27230 25162 16099
20441 22701 17997 25981 22594 34360 17366 23133 28142 15357
26330 27326 23418 30270 30099 41057 22963 31993 30773 19261
26727 27533 25389 29901 30728 43853 23415 31815 35631 18846
27804 22338 18694 25686 24057 35769 15368 27676 30043 15978
22961 26532 22606 30746 25895 39084 18059 23239 34483 14451
14924 22700 19464 22666 21441 31546 17875 20391 26925 13646


15132 30188 28833 26833 28301 27320 35158 27686 23030 25543
16790 37269 35723 25458 24375 23302 40393 20017 21538 29859
12497 29382 31453 25585 30447 22282 36966 24408 22168 31382
17191 35905 39708 27865 26893 24446 38043 27340 21623 31652
17684 35605 34947 31338 33390 30304 39965 28533 24984 29629
14524 32243 26488 23755 25822 20308 34622 20815 20045 27283
17256 36362 29693 26235 33222 30350 39117 25369 23854 30370
14703 28550 28145 28760 32316 27610 33706 23761 23834 25326
10634 19374 23518 17552 24010 19638 25942 14860 18550 21517
14910 29618 25302 21187 20103 21812 31437 18589 17165 22429


35186 23267 11647 22165 25321 17099 26061 28381
28654 21969 9614 19528 23707 11823 24153 20073
21875 13007 5481 15304 15831 7683 19815 12549
24933 16880 4550 15506 22457 10621 20916 19183
20627 18792 8584 11418 20265 9561 16756 19939
21950 14933 5753 14195 17424 17371 17401 17454
37607 26805 10583 24282 30596 20220 30344 26794
26606 20145 8361 18048 21719 11773 21694 17341


6535 4967 6802
4878 6090 10647
7262 4706 5361


6603 12416 8374 18330 13331 5657 18253
10014 19649 11484 20534 14753 4960 13322
4718 10837 10189 14834 11030 5331 18818
15006 23150 14612 30075 20329 10074 23958
8102 10895 10420 14670 13736 7503 11911
11684 21784 16970 25324 20132 9190 24698
10491 15891 11179 17963 14693 6542 15514


9265 6974 6161
2564 1474 4672
5147 4642 3385


6762 7422
7412 10591


13590 4644 6576
7004 4061 6280
11997 4958 7300


11752 3813 10148 10318
13976 3530 13515 11567
10322 3084 8889 7403
12063 4337 8012 11485


32417 26742 33760 29594 16074 31716 27536
23580 19763 21404 21993 10488 18096 19662
11281 13721 21050 15582 8060 16199 13037
17548 14622 20598 19426 8267 26742 17407
8545 8478 9816 8459 4171 8027 7728
15970 14399 18426 12847 6029 16635 10731
18930 11443 20512 20112 11075 17855 18665


15381 17156 22505 19395 15973 28306 20548 18790
18537 18922 15019 15208 15559 25464 21176 16841
13152 14532 14375 8439 8685 19407 10460 10845
23978 23661 25824 19501 24322 30984 23418 26897
24756 18206 21385 22527 18473 32904 20968 23831
21368 22212 20293 17520 22008 29193 27753 20496
22728 17802 17334 13414 21550 24924 21670 19328
25955 22542 24357 21492 23216 36372 31175 20842


11993 2918 5946 5303
16607 8038 7909 7484
17363 6130 11514 7833
12771 3513 6041 5611


28238 26789 15867 27673 25915 31341 19576 13474 17643 12540
34836 39103 22498 30798 29833 41637 26140 20751 25160 17572
30433 40129 31345 38358 30645 41617 27402 23002 26569 20411
33385 37494 24577 36357 31809 44860 32565 24028 27087 21118
34367 37895 29938 38550 33206 44388 28240 20517 28864 20115
32638 31949 23526 27652 29234 39721 27157 22630 25543 14993
31709 26146 23204 30400 28720 39595 27785 16909 21086 17124
34733 35579 26838 29747 30364 42565 27810 24632 24888 17867
28320 26733 20588 24680 23063 35026 21098 19305 18761 12520
27332 31283 24531 27854 24427 39591 23460 21402 25245 16926


16213 22082 13334 19374 12666 21683 12028 15661 14717
22445 28758 22032 18263 22647 19276 15554 21438 14419
21215 24372 17971 20119 21558 21311 13954 17566 9417
16747 24065 20783 12375 19397 17091 10509 18412 9283
21838 28209 21330 22172 18701 22879 14256 23429 16159
24358 35700 26054 21543 33109 27922 24323 29858 16527
11062 21262 12047 16381 16627 16790 12537 16393 8497
12716 19782 16274 12000 16142 17768 9298 18790 9624
27723 38228 27290 27486 29241 30885 21652 31018 20694


15479 6308 7656 9745 10517 8518 9868
23111 13893 16565 21830 20197 18519 18518
10141 8653 10814 12316 5535 10080 9096
26141 18155 22488 24625 21661 19444 22081
29287 17336 23314 21112 13394 16288 17652
16342 11183 12600 12481 12744 12167 10300
18753 12702 15549 18966 15862 15895 19120


5558 10955 2897 5279
13711 16561 9786 13009
6376 6267 3887 6441
6051 10696 2763 5913


12265 8993 10203 14619
10492 4956 5364 9826
10060 11088 10928 14894
14509 12568 13948 18003


19236 30017 14650 17210 22183 26980 21229 10111 25423
24992 37435 19638 18046 24278 31109 25178 12019 27995
8476 28466 15339 16943 21080 27631 20501 11194 19845
17780 31299 16557 8725 15109 25936 15979 13239 26713
20187 33844 18152 15899 22342 29004 21427 10720 29933
28393 51941 27368 24787 32647 43180 34042 19377 40190
24746 35282 15210 19539 25459 28289 26877 15747 27801
25323 44523 21148 27112 33714 37884 36334 15270 31874
18393 34566 21036 14116 18054 28550 21145 9409 24838


13939 25283 19782 26949 33934 23046 16243 18194 24589
13787 21949 24762 19706 30179 20488 14017 15742 17760
11984 22548 26276 17957 28680 20396 14802 16178 12619
16866 32947 29482 28903 39043 30709 18916 23031 22281
9731 19989 17757 22403 26321 19422 11498 13727 16644
7830 14706 14774 16298 22209 13295 11348 10550 14495
18286 23544 22065 22974 29205 23778 15727 16755 15773
13370 26322 18868 24633 29738 23849 15185 18692 19902
14320 18701 14555 21310 25797 17893 14768 13752 21045


21299 16200 15410 13395 18932 21848
14353 8241 10252 10694 9222 12094
22368 15419 16373 12743 15089 18717
22336 17495 16510 20413 17282 19266
15438 8688 10951 8419 10087 13357
26266 18516 18401 15541 15625 18069


1162 316
568 784


2592 2104
6941 711


1456 3004
8072 3789


3398 3078
3111 2635


21890 13315 13318 21816 11873 26018 20780
24198 22180 21163 29603 18131 33693 24279
20020 18071 11705 23089 15928 30229 22541
8501 7260 11405 15078 8414 12665 10098
16378 9445 14371 19218 11092 19974 16592
20373 21466 19459 27734 17529 32478 23964
19457 15007 16049 27807 15928 28446 23377


20760 15323 11891 18240
16404 11883 8592 12507
12676 10202 8289 11489
20348 13537 9368 18833


15519 8596 18707 7127 10147
10691 7892 14879 7770 8912
14670 13068 23858 10337 12275
2724 10004 10862 5060 5700
17150 15108 26244 11108 12860


21726 15109 22910 21339 18563 32559 18693
15784 11469 16690 16331 14008 26364 15069
17662 11169 18214 17277 18053 26225 13806
13289 11542 13337 15385 12529 28268 15952
17629 12113 18164 18119 17044 30122 18691
8246 10062 9495 10944 10506 18373 11560
18380 12062 20443 19588 18426 27803 17584


11533 5270 6071 13359
13135 9186 4349 10659
5084 4338 2785 6829
16643 9904 6676 16176


18398 22177 26879 20942 31301 18623 23458 22103
11770 15658 18149 13000 20018 13397 15317 13219
18268 19040 19118 17575 16697 11110 14625 11765
19247 21666 21824 19595 19091 16072 19633 20671
24579 23659 26894 23412 27232 16314 23199 24383
20541 16235 20476 13210 15712 8976 13736 14551
17399 19011 24952 19145 30506 15357 22529 23680
13243 10411 14228 10305 16220 10448 12374 15233


19179 24348 18510 16150 15073 18409 20542
21050 27038 14282 17718 14920 18909 17999
11561 13396 8905 9346 8937 8608 14308
15826 22637 17777 15261 9950 18064 18369
23222 33473 21396 18877 17310 23710 26389
26816 27754 23240 22570 16910 21677 19255
8136 8718 6227 5554 3236 5190 4378


8707 11838
2821 4724


8170 11032 8929 19241 11835
6331 10699 11429 17168 8154
5632 7222 7634 12520 4326
11939 14281 11749 23482 9926
9078 12447 9859 18690 8451


15002 21342 19368 16177 11461 15360
14096 20390 14663 16309 12577 13453
16289 17833 15822 18409 11589 12566
8485 14645 10880 12041 8818 9069
17910 26939 24924 23151 15781 19646
20902 30584 25340 18130 17827 19289


7154 9628 9129 7222 4925
14103 20979 18239 13835 12881
6146 13024 8493 11767 10043
11417 13935 14817 8459 7442
11514 17849 16632 9787 13672


1616 2906 4726 5960
14100 14070 23771 27709
6729 3882 6987 7476
8649 7661 11205 11809


15724 10810 12154 7990
8770 5163 10140 4941
14015 9871 11951 7530
23925 17304 15391 11441


8931 13616 16433 12706
5183 9256 11433 7121
3016 7912 8013 3296
4783 10952 12950 8275


5925 7594 10545 9707
9400 11009 19505 17758
5454 7962 18211 16611
2237 4879 9993 8438


8605 10029 20231 13161 22999 23935 22470 13676
12961 19787 24067 13187 26862 29676 23369 19886
14422 18911 22027 14530 19866 25239 21086 12952
7597 10197 15891 9391 17573 14995 14568 10536
9971 12888 18785 9291 22514 18318 14362 16602
13229 14555 26976 15390 26288 28684 22941 18099
15011 23364 24354 16246 26323 29594 22892 18931
15165 23772 23976 12757 26104 26870 19020 20838


3420


873 129
9095 2019


6905 12602 7036 8743 6610
13124 18495 11668 11210 18342
9481 19289 7691 10356 11347
3199 6848 2425 4002 5463
12248 17928 11047 10873 15693


5113 13963 10556 13153 14978
5879 21457 13873 22997 23716
1701 9969 5558 10186 9702
2489 10891 7626 12455 11938
6331 25098 14754 26531 27334


20904 18614 14421 19211 17260 17063
26492 23068 18299 27112 17863 23834
22644 17646 10938 20289 12593 19025
17080 17236 6032 13081 11224 14640
27693 23378 14468 22999 18639 22744
20624 19318 7542 16901 13922 16416


11587 16777 6681 27610 8980 17300 25503
15694 11196 10586 30482 16805 21329 24617
15921 13205 12498 26064 13701 18810 24074
9569 11766 4522 22248 9998 15848 19693
16359 17351 9373 27042 15042 19573 26522
18980 17085 11873 32568 15043 19968 28996
12064 13581 11438 27350 12392 21065 25073


16600 25573 23665 19609 12280 23889 17464 18392
15071 25015 19064 14229 4184 19807 16481 16068
26918 29408 30219 19293 15249 28171 26895 26737
25118 30627 31335 19565 10345 31224 24766 24875
21337 31142 25672 17821 13768 26016 24335 21854
17004 21682 24090 15461 7506 20357 18312 20839
13116 21934 19793 17667 6214 21194 13093 14946
12134 14100 16386 7330 6415 14965 12709 13145


14254 22361 21209 23258 15624 22848
12723 15240 16864 20489 8481 11944
4806 8011 11164 11318 9640 11682
9309 16403 14477 20489 21175 21701
8565 13797 17514 16581 10365 17622
15192 22259 19043 24725 16928 22120


16246 7222 7888 10932 8629
19476 8779 10724 12434 10186
22444 10089 9345 17722 10553
17039 4795 7155 11618 7144
22015 9419 7313 18882 7716


16078 26327 21925 21153 22919 23802 33271 27035
9102 15109 11378 9582 12854 8175 14443 13807
12412 18888 11995 12745 12659 14566 18849 13876
13068 21521 14824 12539 14964 12285 22520 15351
13187 20857 18555 17718 18742 19647 25469 24383
12246 19714 13630 12521 8764 15635 21206 14744
15643 26707 19602 14566 15395 17500 28383 18851
13236 21410 19515 15168 21595 17166 25898 22835


5285 959
3087 5791


17476 11654 14693 16733 13054 5373
16003 20098 13788 17966 18605 6602
21862 18631 17910 19061 14020 5657
19787 22085 15520 17751 13974 4829
20316 26091 21980 21803 19564 7924
25250 21166 16838 21388 16424 5614


12155 27041 26240 22316 14106 23973 19218 20276 22799
12895 27980 18776 24424 13948 22112 18500 23565 23614
21089 38678 22287 29950 15171 22248 30794 27189 29400
24507 42736 30801 39086 20414 34527 27774 41418 38514
20188 30089 22911 31208 14817 24562 19031 33857 25981
21676 35475 26133 29101 17690 26177 26619 28873 28726
12046 35229 20331 30862 18333 21222 22592 24720 28534
17571 34660 24050 28330 15148 23682 24630 24528 28762
15803 35527 23748 29508 20343 26166 24886 27621 28337


272


7008


22707 19040 10374 19070 15928 17895 20428 14616 7188
33528 28543 26147 30547 26800 25379 21057 30135 17551
28990 25728 21171 24649 22113 24075 16623 25713 14955
29141 17732 18769 25092 20801 24380 16461 25806 9856
35759 30898 22061 35787 22741 26184 24193 29635 18116
37729 28657 23630 33296 26503 31748 24149 28956 15761
27876 21313 18560 24674 21416 24361 16916 26593 12411
35804 36366 22780 35727 24821 23626 26153 29570 18629
29375 19015 13568 22287 18568 28198 17486 24075 10564


12021 20998 22265 16973 19798
10971 13928 9575 9422 14099
4120 6319 8006 4552 7141
5750 9916 9833 4662 9310
11878 14557 10448 10054 16135


16294 12497 16657 10763 20127
14084 11688 13513 10818 16670
11842 8155 11064 10407 12790
12370 14491 17945 13012 16699
14026 5044 9602 7622 14536


14708 15359 4298 10110 11183 13406
22620 24048 7981 16003 15760 25543
14035 18153 5661 13332 10162 21354
17501 17843 10039 15970 16732 22006
9843 8317 3367 6049 5677 8191
15835 17639 6490 10909 13144 19592


23297 13333 24231 14510 28000 14472 20997 15745
22050 11802 23718 22383 27398 8852 25342 17168
24306 13901 25694 20275 30200 15496 29556 24720
33248 19253 35302 26451 37659 19483 34924 26847
16979 8434 24622 23164 24444 12655 22217 14575
27649 15913 29289 23854 35019 17555 32310 24919
24459 13304 27428 16663 27269 16914 23919 17650
19190 8645 23448 17343 22625 10363 22876 17009


3255 5760 5272 6940
11758 9657 8006 16881
13388 11693 7388 12171
12497 10047 9866 12790


22520 18953 18733 24565 23464 23018 27370 34019
16317 15296 19154 30337 22859 26815 23520 30540
19500 15500 24274 32336 25724 24136 25620 29995
13465 9218 20460 24193 19136 16726 23746 23821
9086 7633 15427 21516 14569 15968 18277 20976
15396 10726 19904 26666 19512 17245 20869 23233
16214 12524 15906 20081 17715 15928 21831 24657
17225 13811 21128 32897 29052 24291 26571 33664


10971 15719 18152 19182 16918 14513
12326 19658 14720 14904 19456 13300
10049 15382 10519 13014 13650 10185
7872 13266 15276 18234 15014 12599
15809 19800 12726 15884 21442 12389
15034 16342 11896 14388 18452 10960


32911 25273 30708 20541 30563 28887 37896 34097 22008
37979 28842 31062 13056 29957 25479 40682 34748 21608
35762 22843 28796 11196 21999 24490 37659 33596 15718
27732 21393 22564 13108 25290 19123 29644 25605 16779
28256 25129 28186 19533 32725 25297 32720 29361 23971
31110 17025 24421 18109 26306 23396 30082 28316 15884
29741 18434 29015 17834 24092 28271 31927 29250 20305
32529 27364 32038 17515 26522 23429 40327 33051 18795
29351 25099 30291 16342 27330 19512 34569 27585 20271


555


13634 13882 10152
17542 12521 9130
17100 13500 9405


17197 6571 22656 17868 17258 16186
18109 13007 19892 16770 17319 15841
11265 11056 11946 9178 12871 9841
15529 10826 19989 11944 15921 11680
12086 7949 13536 10228 17601 13692
13542 12195 16722 10933 18653 13004


25700 33316 21706 32560 25056 21233 30146 32910 22197
30434 33244 30596 31185 28139 23414 26496 40128 26613
23016 27761 21356 24882 23483 18465 22175 31367 22451
25640 30138 23708 27209 28050 21099 27410 32577 25367
27298 29368 25382 28269 27665 21815 30389 34427 23904
30627 34714 28435 33436 23364 24774 26072 36735 28538
17914 23658 17856 21400 11999 15588 16148 20884 15231
27811 26360 25215 26693 22746 16381 21860 30021 24280
22333 29361 20109 26525 22317 18884 26915 32774 18763


5378 7685 9849 9433 6381 6781
7080 15051 17239 16140 9102 10744
13541 21687 24908 23975 11987 19627
9137 17614 18607 18846 8372 12617
11641 10381 14038 12077 6663 11496
8706 16996 19384 18829 10081 13236


5148


19108 20403 16184 30874 26533 19570 16801
13550 13565 10316 21407 15089 12462 10585
23023 20898 18981 30118 27238 21797 14463
15515 15344 14703 23356 17185 15574 10377
14892 16022 12083 25332 19542 15901 15028
21094 19919 19135 28558 26148 21169 14235
25811 21598 22232 35116 25757 27842 20691


16037 21444 13649 17405 13187 17808 13941
15180 20657 14979 14796 14501 18639 12253
18946 24969 16625 18800 16749 22467 16408
22698 28284 17194 22132 16934 24746 16959
14230 22025 16758 14482 13691 22001 13842
7992 13008 9496 11682 11200 13067 11227
21448 28463 18627 22720 18260 25287 17653


9894 21979 14374 14816 10714 10722 14906
16280 29599 20871 22262 20290 16837 21769
11331 22252 15930 17291 18315 11211 16541
15989 27729 19898 22280 14826 15362 17154
10730 20361 15034 16013 11305 17633 15489
12110 17808 14692 15762 12222 10837 12079
22309 33544 24692 27371 21309 23350 23826


15802 21110 15162 14859 20902 18476
19531 23402 22373 12283 18076 18572
18052 27321 18429 16313 25315 21463
11612 17872 11226 10944 17570 15445
10508 14444 10722 7794 12165 11761
9598 16179 9613 8750 14255 11466


15414 15934 17402 10427 14115 12623
16674 16068 22660 12430 19582 14660
9490 12262 16648 5348 9172 9608
16481 14863 15163 8234 11815 10718
15640 14117 15849 8753 17283 10533
13160 9217 13392 8194 11109 8144


22795 15911 17085 26460 25088 33300 25379
12693 10681 13060 19377 15429 19721 19126
18282 8661 15945 25929 19987 29972 19311
15407 9768 13875 25311 16806 22407 21794
8264 6217 12747 17841 12487 17813 16918
20644 12392 15676 28109 24696 31638 26476
23901 12882 10836 22949 18077 29533 18711


4920


17457 10896 11704 16056 19078 14917 11393
12925 7769 12016 15941 19182 14637 12205
14185 7987 10332 17248 19188 14079 13857
20167 11174 17146 22823 24825 22582 20347
9920 9485 9198 14720 18919 15067 14332
20758 12773 17642 23436 26072 23273 19717
23415 10465 17730 25303 26670 23383 24369


29532 20566 27678 20559 18086 25665
13461 15016 9856 7123 14202 14911
25256 21057 24103 15589 18206 24867
19776 14223 18245 13401 12530 18344
10254 9352 9126 4934 6553 12512
12338 11574 10812 9129 13199 8553


32659 32297 31894 30228 27560 19395 41541 30285 35376
32189 28806 24807 24309 25739 21115 31583 27774 32232
28704 21884 22372 23088 18122 18413 20115 23934 23057
26050 29535 27586 21354 23736 15056 31891 22066 27600
28347 30238 27927 20075 25785 16829 29598 24274 29275
22898 20956 22621 19868 17362 15435 26628 16999 22058
35090 29035 29370 26073 23192 21753 33280 28847 32022
24756 16652 16539 17774 15743 20103 21472 18164 19832
29130 27607 25946 19789 21808 15493 25703 23831 27919


21858 23287 22034 16715 16821 17137 26294 18772
24265 28372 22726 23231 20955 23030 34002 20038
32790 27891 26417 21964 19895 23415 30441 20854
19867 17824 14028 17623 10642 15692 21107 10321
19370 18979 15729 10699 12173 15728 23922 11350
27359 30700 31128 31891 21331 26465 33932 22555
16214 18824 14163 10445 13407 14168 23332 11709
20499 18012 11500 10449 11706 11172 20312 12092


5420 16319 16637 10960 18012 19517
4618 11479 13561 9176 18534 18518
3981 10807 15099 8654 19448 13717
5634 16528 13329 10165 15012 22276
6769 19447 21085 13366 18772 22553
3333 10553 12768 7498 16352 11790
